"depth_avg_mm" "BestAD" "MinAD" "MaxAD" "SAR_mm.yr" "SAR_err_mm.yr"
0 2023 2023 2023 3.03371505531842 0.145056975299013
1 2022.67037115162 2022.65460996019 2022.68613234304 3.03371505531842 0.145056975299013
2 2022.34074230324 2022.30921992039 2022.37226468609 3.03371505531842 0.145056975299013
3 2022.01111345486 2021.96382988058 2022.05839702913 3.03371505531842 0.145056975299013
4 2021.68148460648 2021.61843984077 2021.74452937218 3.03371505531842 0.145056975299013
5 2021.3518557581 2021.27304980097 2021.43066171522 3.03371505531842 0.145056975299013
6 2021.02222690972 2020.92765976116 2021.11679405827 3.03371505531842 0.145056975299013
7 2020.69259806133 2020.58226972136 2020.80292640131 3.03371505531842 0.145056975299013
8 2020.36296921295 2020.23687968155 2020.48905874436 3.03371505531842 0.145056975299013
9 2020.03334036457 2019.89148964174 2020.1751910874 3.03371505531842 0.145056975299013
10 2019.70371151619 2019.54609960194 2019.86132343045 3.03371505531842 0.145056975299013
11 2019.37408266781 2019.20070956213 2019.54745577349 3.03371505531842 0.145056975299013
12 2019.04445381943 2018.85531952232 2019.23358811654 3.03371505531842 0.145056975299013
13 2018.71482497105 2018.50992948252 2018.91972045958 3.03371505531842 0.145056975299013
14 2018.38519612267 2018.16453944271 2018.60585280263 3.03371505531842 0.145056975299013
15 2018.05556727429 2017.81914940291 2018.29198514567 3.03371505531842 0.145056975299013
16 2017.72593842591 2017.4737593631 2017.97811748872 3.03371505531842 0.145056975299013
17 2017.39630957753 2017.12836932329 2017.66424983176 3.03371505531842 0.145056975299013
18 2017.06668072915 2016.78297928349 2017.35038217481 3.03371505531842 0.145056975299013
19 2016.73705188077 2016.43758924368 2017.03651451785 3.03371505531842 0.145056975299013
20 2016.40742303238 2016.09219920387 2016.7226468609 3.03371505531842 0.145056975299013
21 2016.077794184 2015.74680916407 2016.40877920394 3.03371505531842 0.145056975299013
22 2015.74816533562 2015.40141912426 2016.09491154699 3.03371505531842 0.145056975299013
23 2015.41853648724 2015.05602908446 2015.78104389003 3.03371505531842 0.145056975299013
24 2015.08890763886 2014.71063904465 2015.46717623307 3.03371505531842 0.145056975299013
25 2014.75927879048 2014.36524900484 2015.15330857612 3.03371505531842 0.145056975299013
26 2014.4296499421 2014.01985896504 2014.83944091916 3.03371505531842 0.145056975299013
27 2014.10002109372 2013.67446892523 2014.52557326221 3.03371505531842 0.145056975299013
28 2013.77039224534 2013.32907888542 2014.21170560525 3.03371505531842 0.145056975299013
29 2013.44076339696 2012.98368884562 2013.8978379483 3.03371505531842 0.145056975299013
30 2013.11113454858 2012.63829880581 2013.58397029134 3.03371505531842 0.145056975299013
31 2012.7815057002 2012.292908766 2013.27010263439 3.03371505531842 0.145056975299013
32 2012.45187685182 2011.9475187262 2012.95623497743 3.03371505531842 0.145056975299013
33 2012.12224800343 2011.60212868639 2012.64236732048 3.03371505531842 0.145056975299013
34 2011.79261915505 2011.25673864659 2012.32849966352 3.03371505531842 0.145056975299013
35 2011.46299030667 2010.91134860678 2012.01463200657 3.03371505531842 0.145056975299013
36 2011.13336145829 2010.56595856697 2011.70076434961 3.03371505531842 0.145056975299013
37 2010.80373260991 2010.22056852717 2011.38689669266 3.03371505531842 0.145056975299013
38 2010.47410376153 2009.87517848736 2011.0730290357 3.03371505531842 0.145056975299013
39 2010.14447491315 2009.52978844755 2010.75916137875 3.03371505531842 0.145056975299013
40 2009.81484606477 2009.18439840775 2010.44529372179 3.03371505531842 0.145056975299013
41 2009.48521721639 2008.83900836794 2010.13142606484 3.03371505531842 0.145056975299013
42 2009.15558836801 2008.49361832814 2009.81755840788 3.03371505531842 0.145056975299013
43 2008.82595951963 2008.14822828833 2009.50369075093 3.03371505531842 0.145056975299013
44 2008.49633067125 2007.80283824852 2009.18982309397 3.03371505531842 0.145056975299013
45 2008.16670182287 2007.45744820872 2008.87595543701 3.03371505531842 0.145056975299013
46 2007.83707297448 2007.11205816891 2008.56208778006 3.03371505531842 0.145056975299013
47 2007.5074441261 2006.7666681291 2008.2482201231 3.03371505531842 0.145056975299013
48 2007.17781527772 2006.4212780893 2007.93435246615 3.03371505531842 0.145056975299013
49 2006.84818642934 2006.07588804949 2007.62048480919 3.03371505531842 0.145056975299013
50 2006.51855758096 2005.73049800968 2007.30661715224 3.03371505531842 0.145056975299013
51 2006.18892873258 2005.38510796988 2006.99274949528 3.03371505531842 0.145056975299013
52 2005.8592998842 2005.03971793007 2006.67888183833 3.03371505531842 0.145056975299013
53 2005.52967103582 2004.69432789027 2006.36501418137 3.03371505531842 0.145056975299013
54 2005.20004218744 2004.34893785046 2006.05114652442 3.03371505531842 0.145056975299013
55 2004.87041333906 2004.00354781065 2005.73727886746 3.03371505531842 0.145056975299013
56 2004.54078449068 2003.65815777085 2005.42341121051 3.03371505531842 0.145056975299013
57 2004.2111556423 2003.31276773104 2005.10954355355 3.03371505531842 0.145056975299013
58 2003.88152679392 2002.96737769123 2004.7956758966 3.03371505531842 0.145056975299013
59 2003.55189794553 2002.62198765143 2004.48180823964 3.03371505531842 0.145056975299013
60 2003.22226909715 2002.27659761162 2004.16794058269 3.03371505531842 0.145056975299013
61 2002.89264024877 2001.93120757182 2003.85407292573 3.03371505531842 0.145056975299013
62 2002.56301140039 2001.58581753201 2003.54020526878 3.03371505531842 0.145056975299013
63 2002.23338255201 2001.2404274922 2003.22633761182 3.03371505531842 0.145056975299013
64 2001.90375370363 2000.8950374524 2002.91246995487 3.03371505531842 0.145056975299013
65 2001.57412485525 2000.54964741259 2002.59860229791 3.03371505531842 0.145056975299013
66 2001.24449600687 2000.20425737278 2002.28473464095 3.03371505531842 0.145056975299013
67 2000.91486715849 1999.85886733298 2001.970866984 3.03371505531842 0.145056975299013
68 2000.58523831011 1999.51347729317 2001.65699932704 3.03371505531842 0.145056975299013
69 2000.25560946173 1999.16808725337 2001.34313167009 3.03371505531842 0.145056975299013
70 1999.92598061335 1998.82269721356 2001.02926401313 3.03371505531842 0.145056975299013
71 1999.59635176497 1998.47730717375 2000.71539635618 3.03371505531842 0.145056975299013
72 1999.26672291658 1998.13191713395 2000.40152869922 3.03371505531842 0.145056975299013
73 1998.9370940682 1997.78652709414 2000.08766104227 3.03371505531842 0.145056975299013
74 1998.60746521982 1997.44113705433 1999.77379338531 3.03371505531842 0.145056975299013
75 1998.27783637144 1997.09574701453 1999.45992572836 3.03371505531842 0.145056975299013
76 1997.94820752306 1996.75035697472 1999.1460580714 3.03371505531842 0.145056975299013
77 1997.61857867468 1996.40496693491 1998.83219041445 3.03371505531842 0.145056975299013
78 1997.2889498263 1996.05957689511 1998.51832275749 3.03371505531842 0.145056975299013
79 1996.95932097792 1995.7141868553 1998.20445510054 3.03371505531842 0.145056975299013
80 1996.62969212954 1995.3687968155 1997.89058744358 3.03371505531842 0.145056975299013
81 1996.30006328116 1995.02340677569 1997.57671978663 3.03371505531842 0.145056975299013
82 1995.97043443278 1994.67801673588 1997.26285212967 3.03371505531842 0.145056975299013
83 1995.6408055844 1994.33262669608 1996.94898447272 3.03371505531842 0.145056975299013
84 1995.31117673602 1993.98723665627 1996.63511681576 3.03371505531842 0.145056975299013
85 1994.98154788763 1993.64184661646 1996.32124915881 3.03371505531842 0.145056975299013
86 1994.65191903925 1993.29645657666 1996.00738150185 3.03371505531842 0.145056975299013
87 1994.32229019087 1992.95106653685 1995.6935138449 3.03371505531842 0.145056975299013
88 1993.99266134249 1992.60567649705 1995.37964618794 3.03371505531842 0.145056975299013
89 1993.66303249411 1992.26028645724 1995.06577853098 3.03371505531842 0.145056975299013
90 1993.33340364573 1991.91489641743 1994.75191087403 3.03371505531842 0.145056975299013
91 1993.00377479735 1991.56950637763 1994.43804321707 3.03371505531842 0.145056975299013
92 1992.67414594897 1991.22411633782 1994.12417556012 3.03371505531842 0.145056975299013
93 1992.34451710059 1990.87872629801 1993.81030790316 3.03371505531842 0.145056975299013
94 1992.01488825221 1990.53333625821 1993.49644024621 3.03371505531842 0.145056975299013
95 1991.68525940383 1990.1879462184 1993.18257258925 3.03371505531842 0.145056975299013
96 1991.35563055545 1989.84255617859 1992.8687049323 3.03371505531842 0.145056975299013
97 1991.02600170707 1989.49716613879 1992.55483727534 3.03371505531842 0.145056975299013
98 1990.69637285868 1989.15177609898 1992.24096961839 3.03371505531842 0.145056975299013
99 1990.3667440103 1988.80638605918 1991.92710196143 3.03371505531842 0.145056975299013
100 1990.03711516192 1988.46099601937 1991.61323430448 3.03371505531842 0.145056975299013
101 1989.70748631354 1988.11560597956 1991.29936664752 3.03371505531842 0.145056975299013
102 1989.37785746516 1987.77021593976 1990.98549899057 3.03371505531842 0.145056975299013
103 1989.04822861678 1987.42482589995 1990.67163133361 3.03371505531842 0.145056975299013
104 1988.7185997684 1987.07943586014 1990.35776367666 3.03371505531842 0.145056975299013
105 1988.38897092002 1986.73404582034 1990.0438960197 3.03371505531842 0.145056975299013
106 1988.05934207164 1986.38865578053 1989.73002836275 3.03371505531842 0.145056975299013
107 1987.72971322326 1986.04326574073 1989.41616070579 3.03371505531842 0.145056975299013
108 1987.40008437488 1985.69787570092 1989.10229304884 3.03371505531842 0.145056975299013
109 1987.0704555265 1985.35248566111 1988.78842539188 3.03371505531842 0.145056975299013
110 1986.74082667812 1985.00709562131 1988.47455773492 3.03371505531842 0.145056975299013
111 1986.41119782974 1984.6617055815 1988.16069007797 3.03371505531842 0.145056975299013
112 1986.08156898135 1984.31631554169 1987.84682242101 3.03371505531842 0.145056975299013
113 1985.75194013297 1983.97092550189 1987.53295476406 3.03371505531842 0.145056975299013
114 1985.42231128459 1983.62553546208 1987.2190871071 3.03371505531842 0.145056975299013
115 1985.09268243621 1983.28014542228 1986.90521945015 3.03371505531842 0.145056975299013
116 1984.76305358783 1982.93475538247 1986.59135179319 3.03371505531842 0.145056975299013
117 1984.43342473945 1982.58936534266 1986.27748413624 3.03371505531842 0.145056975299013
118 1984.10379589107 1982.24397530286 1985.96361647928 3.03371505531842 0.145056975299013
119 1983.77416704269 1981.89858526305 1985.64974882233 3.03371505531842 0.145056975299013
120 1983.44453819431 1981.55319522324 1985.33588116537 3.03371505531842 0.145056975299013
121 1983.11490934593 1981.20780518344 1985.02201350842 3.03371505531842 0.145056975299013
122 1982.78528049755 1980.86241514363 1984.70814585146 3.03371505531842 0.145056975299013
123 1982.45565164917 1980.51702510382 1984.39427819451 3.03371505531842 0.145056975299013
124 1982.12602280078 1980.17163506402 1984.08041053755 3.03371505531842 0.145056975299013
125 1981.7963939524 1979.82624502421 1983.7665428806 3.03371505531842 0.145056975299013
126 1981.7963939524 1979.82624502421 1983.7665428806 3.03371505531842 0.145056975299013
127 1981.7963939524 1979.82624502421 1983.7665428806 3.03371505531842 0.145056975299013
128 1981.7963939524 1979.82624502421 1983.7665428806 3.03371505531842 0.145056975299013
129 1981.7963939524 1979.82624502421 1983.7665428806 3.03371505531842 0.145056975299013
130 1981.7963939524 1979.82624502421 1983.7665428806 3.03371505531842 0.145056975299013
131 1981.7963939524 1979.82624502421 1983.7665428806 3.03371505531842 0.145056975299013
132 1981.7963939524 1979.82624502421 1983.7665428806 3.03371505531842 0.145056975299013
133 1981.46676510402 1979.48085498441 1983.45267522364 3.03371505531842 0.145056975299013
134 1981.13713625564 1979.1354649446 1983.13880756669 3.03371505531842 0.145056975299013
135 1980.80750740726 1978.79007490479 1982.82493990973 3.03371505531842 0.145056975299013
136 1980.47787855888 1978.44468486499 1982.51107225278 3.03371505531842 0.145056975299013
137 1980.1482497105 1978.09929482518 1982.19720459582 3.03371505531842 0.145056975299013
138 1979.81862086212 1977.75390478537 1981.88333693887 3.03371505531842 0.145056975299013
139 1979.48899201374 1977.40851474557 1981.56946928191 3.03371505531842 0.145056975299013
140 1979.15936316536 1977.06312470576 1981.25560162495 3.03371505531842 0.145056975299013
141 1978.82973431698 1976.71773466596 1980.941733968 3.03371505531842 0.145056975299013
142 1978.5001054686 1976.37234462615 1980.62786631104 3.03371505531842 0.145056975299013
143 1978.17047662022 1976.02695458634 1980.31399865409 3.03371505531842 0.145056975299013
144 1977.84084777184 1975.68156454654 1980.00013099713 3.03371505531842 0.145056975299013
145 1977.51121892345 1975.33617450673 1979.68626334018 3.03371505531842 0.145056975299013
146 1977.18159007507 1974.99078446692 1979.37239568322 3.03371505531842 0.145056975299013
147 1976.85196122669 1974.64539442712 1979.05852802627 3.03371505531842 0.145056975299013
148 1976.52233237831 1974.30000438731 1978.74466036931 3.03371505531842 0.145056975299013
149 1976.19270352993 1973.9546143475 1978.43079271236 3.03371505531842 0.145056975299013
150 1975.86307468155 1973.6092243077 1978.1169250554 3.03371505531842 0.145056975299013
151 1975.53344583317 1973.26383426789 1977.80305739845 3.03371505531842 0.145056975299013
152 1975.20381698479 1972.91844422809 1977.48918974149 3.03371505531842 0.145056975299013
153 1974.87418813641 1972.57305418828 1977.17532208454 3.03371505531842 0.145056975299013
154 1974.54455928803 1972.22766414847 1976.86145442758 3.03371505531842 0.145056975299013
155 1974.21493043965 1971.88227410867 1976.54758677063 3.03371505531842 0.145056975299013
156 1974.21493043965 1971.88227410867 1976.54758677063 3.03371505531842 0.145056975299013
157 1974.21493043965 1971.88227410867 1976.54758677063 3.03371505531842 0.145056975299013
158 1974.21493043965 1971.88227410867 1976.54758677063 3.03371505531842 0.145056975299013
159 1974.21493043965 1971.88227410867 1976.54758677063 3.03371505531842 0.145056975299013
160 1974.21493043965 1971.88227410867 1976.54758677063 3.03371505531842 0.145056975299013
161 1974.21493043965 1971.88227410867 1976.54758677063 3.03371505531842 0.145056975299013
162 1974.21493043965 1971.88227410867 1976.54758677063 3.03371505531842 0.145056975299013
163 1974.21493043965 1971.88227410867 1976.54758677063 3.03371505531842 0.145056975299013
164 1974.21493043965 1971.88227410867 1976.54758677063 3.03371505531842 0.145056975299013
165 1974.21493043965 1971.88227410867 1976.54758677063 3.03371505531842 0.145056975299013
166 1973.88530159127 1971.53688406886 1976.23371911367 3.03371505531842 0.145056975299013
167 1973.55567274289 1971.19149402905 1975.91985145672 3.03371505531842 0.145056975299013
168 1973.2260438945 1970.84610398925 1975.60598379976 3.03371505531842 0.145056975299013
169 1972.89641504612 1970.50071394944 1975.29211614281 3.03371505531842 0.145056975299013
170 1972.56678619774 1970.15532390964 1974.97824848585 3.03371505531842 0.145056975299013
171 1972.23715734936 1969.80993386983 1974.6643808289 3.03371505531842 0.145056975299013
172 1971.90752850098 1969.46454383002 1974.35051317194 3.03371505531842 0.145056975299013
173 1971.5778996526 1969.11915379022 1974.03664551498 3.03371505531842 0.145056975299013
174 1971.24827080422 1968.77376375041 1973.72277785803 3.03371505531842 0.145056975299013
175 1970.91864195584 1968.4283737106 1973.40891020107 3.03371505531842 0.145056975299013
176 1970.58901310746 1968.0829836708 1973.09504254412 3.03371505531842 0.145056975299013
177 1970.25938425908 1967.73759363099 1972.78117488716 3.03371505531842 0.145056975299013
178 1969.9297554107 1967.39220359119 1972.46730723021 3.03371505531842 0.145056975299013
179 1969.60012656232 1967.04681355138 1972.15343957325 3.03371505531842 0.145056975299013
180 1969.27049771394 1966.70142351157 1971.8395719163 3.03371505531842 0.145056975299013
181 1968.94086886555 1966.35603347177 1971.52570425934 3.03371505531842 0.145056975299013
182 1968.61124001717 1966.01064343196 1971.21183660239 3.03371505531842 0.145056975299013
183 1968.28161116879 1965.66525339215 1970.89796894543 3.03371505531842 0.145056975299013
184 1967.95198232041 1965.31986335235 1970.58410128848 3.03371505531842 0.145056975299013
185 1967.62235347203 1964.97447331254 1970.27023363152 3.03371505531842 0.145056975299013
186 1967.29272462365 1964.62908327273 1969.95636597457 3.03371505531842 0.145056975299013
187 1966.96309577527 1964.28369323293 1969.64249831761 3.03371505531842 0.145056975299013
188 1966.63346692689 1963.93830319312 1969.32863066066 3.03371505531842 0.145056975299013
189 1966.30383807851 1963.59291315332 1969.0147630037 3.03371505531842 0.145056975299013
190 1965.97420923013 1963.24752311351 1968.70089534675 3.03371505531842 0.145056975299013
191 1965.64458038175 1962.9021330737 1968.38702768979 3.03371505531842 0.145056975299013
192 1965.31495153337 1962.5567430339 1968.07316003284 3.03371505531842 0.145056975299013
193 1964.98532268499 1962.21135299409 1967.75929237588 3.03371505531842 0.145056975299013
194 1964.6556938366 1961.86596295428 1967.44542471892 3.03371505531842 0.145056975299013
195 1964.32606498822 1961.52057291448 1967.13155706197 3.03371505531842 0.145056975299013
196 1963.99643613984 1961.17518287467 1966.81768940501 3.03371505531842 0.145056975299013
197 1963.66680729146 1960.82979283487 1966.50382174806 3.03371505531842 0.145056975299013
198 1963.33717844308 1960.48440279506 1966.1899540911 3.03371505531842 0.145056975299013
199 1963.0075495947 1960.13901275525 1965.87608643415 3.03371505531842 0.145056975299013
200 1962.67792074632 1959.79362271545 1965.56221877719 3.03371505531842 0.145056975299013
201 1962.34829189794 1959.44823267564 1965.24835112024 3.03371505531842 0.145056975299013
202 1962.01866304956 1959.10284263583 1964.93448346328 3.03371505531842 0.145056975299013
203 1961.68903420118 1958.75745259603 1964.62061580633 3.03371505531842 0.145056975299013
204 1961.3594053528 1958.41206255622 1964.30674814937 3.03371505531842 0.145056975299013
205 1961.02977650442 1958.06667251642 1963.99288049242 3.03371505531842 0.145056975299013
206 1960.70014765604 1957.72128247661 1963.67901283546 3.03371505531842 0.145056975299013
207 1960.37051880765 1957.3758924368 1963.36514517851 3.03371505531842 0.145056975299013
208 1960.04088995927 1957.030502397 1963.05127752155 3.03371505531842 0.145056975299013
209 1959.71126111089 1956.68511235719 1962.7374098646 3.03371505531842 0.145056975299013
210 1959.38163226251 1956.33972231738 1962.42354220764 3.03371505531842 0.145056975299013
211 1959.05200341413 1955.99433227758 1962.10967455069 3.03371505531842 0.145056975299013
212 1958.72237456575 1955.64894223777 1961.79580689373 3.03371505531842 0.145056975299013
213 1958.39274571737 1955.30355219796 1961.48193923678 3.03371505531842 0.145056975299013
214 1958.06311686899 1954.95816215816 1961.16807157982 3.03371505531842 0.145056975299013
215 1957.73348802061 1954.61277211835 1960.85420392287 3.03371505531842 0.145056975299013
216 1957.40385917223 1954.26738207855 1960.54033626591 3.03371505531842 0.145056975299013
217 1957.07423032385 1953.92199203874 1960.22646860895 3.03371505531842 0.145056975299013
218 1956.74460147547 1953.57660199893 1959.912600952 3.03371505531842 0.145056975299013
219 1956.41497262709 1953.23121195913 1959.59873329504 3.03371505531842 0.145056975299013
220 1956.0853437787 1952.88582191932 1959.28486563809 3.03371505531842 0.145056975299013
221 1955.75571493032 1952.54043187951 1958.97099798113 3.03371505531842 0.145056975299013
222 1955.42608608194 1952.19504183971 1958.65713032418 3.03371505531842 0.145056975299013
223 1955.09645723356 1951.8496517999 1958.34326266722 3.03371505531842 0.145056975299013
224 1954.76682838518 1951.5042617601 1958.02939501027 3.03371505531842 0.145056975299013
225 1954.4371995368 1951.15887172029 1957.71552735331 3.03371505531842 0.145056975299013
226 1954.10757068842 1950.81348168048 1957.40165969636 3.03371505531842 0.145056975299013
227 1953.77794184004 1950.46809164068 1957.0877920394 3.03371505531842 0.145056975299013
228 1953.44831299166 1950.12270160087 1956.77392438245 3.03371505531842 0.145056975299013
229 1953.11868414328 1949.77731156106 1956.46005672549 3.03371505531842 0.145056975299013
230 1952.7890552949 1949.43192152126 1956.14618906854 3.03371505531842 0.145056975299013
231 1952.45942644652 1949.08653148145 1955.83232141158 3.03371505531842 0.145056975299013
232 1952.12979759814 1948.74114144164 1955.51845375463 3.03371505531842 0.145056975299013
233 1951.80016874975 1948.39575140184 1955.20458609767 3.03371505531842 0.145056975299013
234 1951.47053990137 1948.05036136203 1954.89071844072 3.03371505531842 0.145056975299013
235 1951.14091105299 1947.70497132223 1954.57685078376 3.03371505531842 0.145056975299013
236 1950.81128220461 1947.35958128242 1954.26298312681 3.03371505531842 0.145056975299013
237 1950.48165335623 1947.01419124261 1953.94911546985 3.03371505531842 0.145056975299013
238 1950.15202450785 1946.66880120281 1953.63524781289 3.03371505531842 0.145056975299013
239 1949.82239565947 1946.323411163 1953.32138015594 3.03371505531842 0.145056975299013
240 1949.49276681109 1945.97802112319 1953.00751249898 3.03371505531842 0.145056975299013
241 1949.16313796271 1945.63263108339 1952.69364484203 3.03371505531842 0.145056975299013
242 1948.83350911433 1945.28724104358 1952.37977718507 3.03371505531842 0.145056975299013
243 1948.50388026595 1944.94185100378 1952.06590952812 3.03371505531842 0.145056975299013
244 1948.17425141757 1944.59646096397 1951.75204187116 3.03371505531842 0.145056975299013
245 1947.84462256919 1944.25107092416 1951.43817421421 3.03371505531842 0.145056975299013
246 1947.5149937208 1943.90568088436 1951.12430655725 3.03371505531842 0.145056975299013
247 1947.18536487242 1943.56029084455 1950.8104389003 3.03371505531842 0.145056975299013
248 1946.85573602404 1943.21490080474 1950.49657124334 3.03371505531842 0.145056975299013
249 1946.52610717566 1942.86951076494 1950.18270358639 3.03371505531842 0.145056975299013
250 1946.19647832728 1942.52412072513 1949.86883592943 3.03371505531842 0.145056975299013
251 1945.8668494789 1942.17873068533 1949.55496827248 3.03371505531842 0.145056975299013
252 1945.53722063052 1941.83334064552 1949.24110061552 3.03371505531842 0.145056975299013
253 1945.20759178214 1941.48795060571 1948.92723295857 3.03371505531842 0.145056975299013
254 1944.87796293376 1941.14256056591 1948.61336530161 3.03371505531842 0.145056975299013
255 1944.54833408538 1940.7971705261 1948.29949764466 3.03371505531842 0.145056975299013
256 1944.218705237 1940.45178048629 1947.9856299877 3.03371505531842 0.145056975299013
257 1943.88907638862 1940.10639044649 1947.67176233075 3.03371505531842 0.145056975299013
258 1943.55944754024 1939.76100040668 1947.35789467379 3.03371505531842 0.145056975299013
259 1943.22981869185 1939.41561036687 1947.04402701684 3.03371505531842 0.145056975299013
260 1942.90018984347 1939.07022032707 1946.73015935988 3.03371505531842 0.145056975299013
261 1942.57056099509 1938.72483028726 1946.41629170292 3.03371505531842 0.145056975299013
262 1942.24093214671 1938.37944024746 1946.10242404597 3.03371505531842 0.145056975299013
263 1941.91130329833 1938.03405020765 1945.78855638901 3.03371505531842 0.145056975299013
264 1941.58167444995 1937.68866016784 1945.47468873206 3.03371505531842 0.145056975299013
265 1941.25204560157 1937.34327012804 1945.1608210751 3.03371505531842 0.145056975299013
266 1940.92241675319 1936.99788008823 1944.84695341815 3.03371505531842 0.145056975299013
267 1940.59278790481 1936.65249004842 1944.53308576119 3.03371505531842 0.145056975299013
268 1940.26315905643 1936.30710000862 1944.21921810424 3.03371505531842 0.145056975299013
269 1939.93353020805 1935.96170996881 1943.90535044728 3.03371505531842 0.145056975299013
270 1939.60390135967 1935.61631992901 1943.59148279033 3.03371505531842 0.145056975299013
271 1939.27427251129 1935.2709298892 1943.27761513337 3.03371505531842 0.145056975299013
272 1938.94464366291 1934.92553984939 1942.96374747642 3.03371505531842 0.145056975299013
273 1938.61501481452 1934.58014980959 1942.64987981946 3.03371505531842 0.145056975299013
274 1938.28538596614 1934.23475976978 1942.33601216251 3.03371505531842 0.145056975299013
275 1937.95575711776 1933.88936972997 1942.02214450555 3.03371505531842 0.145056975299013
276 1937.62612826938 1933.54397969017 1941.7082768486 3.03371505531842 0.145056975299013
277 1937.296499421 1933.19858965036 1941.39440919164 3.03371505531842 0.145056975299013
278 1936.96687057262 1932.85319961055 1941.08054153469 3.03371505531842 0.145056975299013
279 1936.63724172424 1932.50780957075 1940.76667387773 3.03371505531842 0.145056975299013
280 1936.30761287586 1932.16241953094 1940.45280622078 3.03371505531842 0.145056975299013
281 1935.97798402748 1931.81702949114 1940.13893856382 3.03371505531842 0.145056975299013
282 1935.6483551791 1931.47163945133 1939.82507090686 3.03371505531842 0.145056975299013
283 1935.31872633072 1931.12624941152 1939.51120324991 3.03371505531842 0.145056975299013
284 1934.98909748234 1930.78085937172 1939.19733559295 3.03371505531842 0.145056975299013
285 1934.65946863395 1930.43546933191 1938.883467936 3.03371505531842 0.145056975299013
286 1934.32983978557 1930.0900792921 1938.56960027904 3.03371505531842 0.145056975299013
287 1934.00021093719 1929.7446892523 1938.25573262209 3.03371505531842 0.145056975299013
288 1933.67058208881 1929.39929921249 1937.94186496513 3.03371505531842 0.145056975299013
289 1933.34095324043 1929.05390917269 1937.62799730818 3.03371505531842 0.145056975299013
290 1933.01132439205 1928.70851913288 1937.31412965122 3.03371505531842 0.145056975299013
291 1932.68169554367 1928.36312909307 1937.00026199427 3.03371505531842 0.145056975299013
292 1932.35206669529 1928.01773905327 1936.68639433731 3.03371505531842 0.145056975299013
293 1932.02243784691 1927.67234901346 1936.37252668036 3.03371505531842 0.145056975299013
294 1931.69280899853 1927.32695897365 1936.0586590234 3.03371505531842 0.145056975299013
295 1931.36318015015 1926.98156893385 1935.74479136645 3.03371505531842 0.145056975299013
296 1931.03355130177 1926.63617889404 1935.43092370949 3.03371505531842 0.145056975299013
297 1930.70392245339 1926.29078885424 1935.11705605254 3.03371505531842 0.145056975299013
298 1930.37429360501 1925.94539881443 1934.80318839558 3.03371505531842 0.145056975299013
299 1930.04466475662 1925.60000877462 1934.48932073863 3.03371505531842 0.145056975299013
300 1929.71503590824 1925.25461873482 1934.17545308167 3.03371505531842 0.145056975299013
301 1929.38540705986 1924.90922869501 1933.86158542472 3.03371505531842 0.145056975299013
302 1929.05577821148 1924.5638386552 1933.54771776776 3.03371505531842 0.145056975299013
303 1928.7261493631 1924.2184486154 1933.23385011081 3.03371505531842 0.145056975299013
304 1928.39652051472 1923.87305857559 1932.91998245385 3.03371505531842 0.145056975299013
305 1928.06689166634 1923.52766853578 1932.60611479689 3.03371505531842 0.145056975299013
306 1927.73726281796 1923.18227849598 1932.29224713994 3.03371505531842 0.145056975299013
307 1927.40763396958 1922.83688845617 1931.97837948298 3.03371505531842 0.145056975299013
308 1927.0780051212 1922.49149841637 1931.66451182603 3.03371505531842 0.145056975299013
309 1926.74837627282 1922.14610837656 1931.35064416907 3.03371505531842 0.145056975299013
310 1926.41874742444 1921.80071833675 1931.03677651212 3.03371505531842 0.145056975299013
311 1926.08911857605 1921.45532829695 1930.72290885516 3.03371505531842 0.145056975299013
312 1925.75948972767 1921.10993825714 1930.40904119821 3.03371505531842 0.145056975299013
313 1925.42986087929 1920.76454821733 1930.09517354125 3.03371505531842 0.145056975299013
314 1925.10023203091 1920.41915817753 1929.7813058843 3.03371505531842 0.145056975299013
315 1924.77060318253 1920.07376813772 1929.46743822734 3.03371505531842 0.145056975299013
316 1924.44097433415 1919.72837809792 1929.15357057039 3.03371505531842 0.145056975299013
317 1924.11134548577 1919.38298805811 1928.83970291343 3.03371505531842 0.145056975299013
318 1923.78171663739 1919.0375980183 1928.52583525648 3.03371505531842 0.145056975299013
319 1923.45208778901 1918.6922079785 1928.21196759952 3.03371505531842 0.145056975299013
320 1923.12245894063 1918.34681793869 1927.89809994257 3.03371505531842 0.145056975299013
321 1922.79283009225 1918.00142789888 1927.58423228561 3.03371505531842 0.145056975299013
322 1922.46320124387 1917.65603785908 1927.27036462866 3.03371505531842 0.145056975299013
323 1922.13357239549 1917.31064781927 1926.9564969717 3.03371505531842 0.145056975299013
324 1921.80394354711 1916.96525777946 1926.64262931475 3.03371505531842 0.145056975299013
325 1921.47431469872 1916.61986773966 1926.32876165779 3.03371505531842 0.145056975299013
326 1921.14468585034 1916.27447769985 1926.01489400083 3.03371505531842 0.145056975299013
327 1920.81505700196 1915.92908766005 1925.70102634388 3.03371505531842 0.145056975299013
328 1920.48542815358 1915.58369762024 1925.38715868692 3.03371505531842 0.145056975299013
329 1920.1557993052 1915.23830758043 1925.07329102997 3.03371505531842 0.145056975299013
330 1919.82617045682 1914.89291754063 1924.75942337301 3.03371505531842 0.145056975299013
331 1919.49654160844 1914.54752750082 1924.44555571606 3.03371505531842 0.145056975299013
332 1919.16691276006 1914.20213746101 1924.1316880591 3.03371505531842 0.145056975299013
333 1918.83728391168 1913.85674742121 1923.81782040215 3.03371505531842 0.145056975299013
334 1918.5076550633 1913.5113573814 1923.50395274519 3.03371505531842 0.145056975299013
335 1918.17802621492 1913.1659673416 1923.19008508824 3.03371505531842 0.145056975299013
336 1917.84839736654 1912.82057730179 1922.87621743128 3.03371505531842 0.145056975299013
337 1917.51876851816 1912.47518726198 1922.56234977433 3.03371505531842 0.145056975299013
338 1917.18913966977 1912.12979722218 1922.24848211737 3.03371505531842 0.145056975299013
339 1916.85951082139 1911.78440718237 1921.93461446042 3.03371505531842 0.145056975299013
340 1916.52988197301 1911.43901714256 1921.62074680346 3.03371505531842 0.145056975299013
341 1916.20025312463 1911.09362710276 1921.30687914651 3.03371505531842 0.145056975299013
342 1915.87062427625 1910.74823706295 1920.99301148955 3.03371505531842 0.145056975299013
343 1915.54099542787 1910.40284702315 1920.6791438326 3.03371505531842 0.145056975299013
344 1915.21136657949 1910.05745698334 1920.36527617564 3.03371505531842 0.145056975299013
345 1914.88173773111 1909.71206694353 1920.05140851869 3.03371505531842 0.145056975299013
346 1914.55210888273 1909.36667690373 1919.73754086173 3.03371505531842 0.145056975299013
347 1914.22248003435 1909.02128686392 1919.42367320478 3.03371505531842 0.145056975299013
348 1913.89285118597 1908.67589682411 1919.10980554782 3.03371505531842 0.145056975299013
349 1913.56322233759 1908.33050678431 1918.79593789086 3.03371505531842 0.145056975299013
350 1913.23359348921 1907.9851167445 1918.48207023391 3.03371505531842 0.145056975299013
351 1912.90396464082 1907.63972670469 1918.16820257695 3.03371505531842 0.145056975299013
352 1912.57433579244 1907.29433666489 1917.85433492 3.03371505531842 0.145056975299013
353 1912.24470694406 1906.94894662508 1917.54046726304 3.03371505531842 0.145056975299013
354 1911.91507809568 1906.60355658528 1917.22659960609 3.03371505531842 0.145056975299013
355 1911.5854492473 1906.25816654547 1916.91273194913 3.03371505531842 0.145056975299013
356 1911.25582039892 1905.91277650566 1916.59886429218 3.03371505531842 0.145056975299013
357 1910.92619155054 1905.56738646586 1916.28499663522 3.03371505531842 0.145056975299013
358 1910.59656270216 1905.22199642605 1915.97112897827 3.03371505531842 0.145056975299013
359 1910.26693385378 1904.87660638624 1915.65726132131 3.03371505531842 0.145056975299013
